100
3
1.5 2.8 3.2
4
10.1 20.2 30.3 40.4
2
5.5 6.6
3
7.1 8.2 9.3
4
11.0 12.0 13.0 14.0
2
15.5 16.6
3
17.1 18.2 19.3
4
21.0 22.0 23.0 24.0
2
25.5 26.6
3
27.1 28.2 29.3
4
31.0 32.0 33.0 34.0
2
35.5 36.6
3
37.1 38.2 39.3
4
41.0 42.0 43.0 44.0
2
45.5 46.6
3
47.1 48.2 49.3
4
51.0 52.0 53.0 54.0
2
55.5 56.6
3
57.1 58.2 59.3
4
61.0 62.0 63.0 64.0
2
65.5 66.6
3
67.1 68.2 69.3
4
71.0 72.0 73.0 74.0
2
75.5 76.6
3
77.1 78.2 79.3
4
81.0 82.0 83.0 84.0
2
85.5 86.6
3
87.1 88.2 89.3
4
91.0 92.0 93.0 94.0
2
95.5 96.6
3
97.1 98.2 99.3
4
101.0 102.0 103.0 104.0
2
105.5 106.6
3
107.1 108.2 109.3
4
111.0 112.0 113.0 114.0
2
115.5 116.6
3
117.1 118.2 119.3
4
121.0 122.0 123.0 124.0
2
125.5 126.6
3
127.1 128.2 129.3
4
131.0 132.0 133.0 134.0
2
135.5 136.6
3
137.1 138.2 139.3
4
141.0 142.0 143.0 144.0
2
145.5 146.6
3
147.1 148.2 149.3
4
151.0 152.0 153.0 154.0
2
155.5 156.6
3
157.1 158.2 159.3
4
161.0 162.0 163.0 164.0
2
165.5 166.6
3
167.1 168.2 169.3
4
171.0 172.0 173.0 174.0
2
175.5 176.6
3
177.1 178.2 179.3
4
181.0 182.0 183.0 184.0
2
185.5 186.6
3
187.1 188.2 189.3
4
191.0 192.0 193.0 194.0
2
195.5 196.6
3
197.1 198.2 199.3
4
201.0 202.0 203.0 204.0
2
205.5 206.6
3
207.1 208.2 209.3
4
211.0 212.0 213.0 214.0
2
215.5 216.6
3
217.1 218.2 219.3
4
221.0 222.0 223.0 224.0
2
225.5 226.6
3
227.1 228.2 229.3
4
231.0 232.0 233.0 234.0
2
235.5 236.6
3
237.1 238.2 239.3
4
241.0 242.0 243.0 244.0
2
245.5 246.6
3
247.1 248.2 249.3
4
251.0 252.0 253.0 254.0
2
255.5 256.6
3
257.1 258.2 259.3
4
261.0 262.0 263.0 264.0
2
265.5 266.6
3
267.1 268.2 269.3
4
271.0 272.0 273.0 274.0
2
275.5 276.6
3
277.1 278.2 279.3
4
281.0 282.0 283.0 284.0
2
285.5 286.6
3
287.1 288.2 289.3
4
291.0 292.0 293.0 294.0
2
295.5 296.6
3
297.1 298.2 299.3
4
301.0 302.0 303.0 304.0
2
305.5 306.6
3
307.1 308.2 309.3
4
311.0 312.0 313.0 314.0
2
315.5 316.6
3
317.1 318.2 319.3
4
321.0 322.0 323.0 324.0
2
325.5 326.6
3
327.1 328.2 329.3
4
331.0 332.0 333.0 334.0
2
335.5 336.6
3
337.1 338.2 339.3
4
341.0 342.0 343.0 344.0
2
345.5 346.6
3
347.1 348.2 349.3
4
351.0 352.0 353.0 354.0
2
355.5 356.6
3
357.1 358.2 359.3
4
361.0 362.0 363.0 364.0
2
365.5 366.6
3
367.1 368.2 369.3
4
371.0 372.0 373.0 374.0
2
375.5 376.6
3
377.1 378.2 379.3
4
381.0 382.0 383.0 384.0
2
385.5 386.6
3
387.1 388.2 389.3
4
391.0 392.0 393.0 394.0
2
395.5 396.6
3
397.1 398.2 399.3
4
401.0 402.0 403.0 404.0
2
405.5 406.6
3
407.1 408.2 409.3
4
411.0 412.0 413.0 414.0
2
415.5 416.6
3
417.1 418.2 419.3
4
421.0 422.0 423.0 424.0
2
425.5 426.6
3
427.1 428.2 429.3
4
431.0 432.0 433.0 434.0
2
435.5 436.6
3
437.1 438.2 439.3
4
441.0 442.0 443.0 444.0
2
445.5 446.6
3
447.1 448.2 449.3
4
451.0 452.0 453.0 454.0
2
455.5 456.6
3
457.1 458.2 459.3
4
461.0 462.0 463.0 464.0
2
465.5 466.6
3
467.1 468.2 469.3
4
471.0 472.0 473.0 474.0
2
475.5 476.6
3
477.1 478.2 479.3
4
481.0 482.0 483.0 484.0
2
485.5 486.6
3
487.1 488.2 489.3
4
491.0 492.0 493.0 494.0
2
495.5 496.6
3
497.1 498.2 499.3
4
501.0 502.0 503.0 504.0
2
505.5 506.6
3
507.1 508.2 509.3
4
511.0 512.0 513.0 514.0
2
515.5 516.6
3
517.1 518.2 519.3
4
521.0 522.0 523.0 524.0
2
525.5 526.6
3
527.1 528.2 529.3
4
531.0 532.0 533.0 534.0
2
535.5 536.6
3
537.1 538.2 539.3
4
541.0 542.0 543.0 544.0
2
545.5 546.6
3
547.1 548.2 549.3
4
551.0 552.0 553.0 554.0
2
555.5 556.6
3
557.1 558.2 559.3
4
561.0 562.0 563.0 564.0
2
565.5 566.6
3
567.1 568.2 569.3
4
571.0 572.0 573.0 574.0
2
575.5 576.6
3
577.1 578.2 579.3
4
581.0 582.0 583.0 584.0
2
585.5 586.6
3
587.1 588.2 589.3
4
591.0 592.0 593.0 594.0
2
595.5 596.6
3
597.1 598.2 599.3
4
601.0 602.0 603.0 604.0
2
605.5 606.6
3
607.1 608.2 609.3
4
611.0 612.0 613.0 614.0
2
615.5 616.6
3
617.1 618.2 619.3
4
621.0 622.0 623.0 624.0
2
625.5 626.6
3
627.1 628.2 629.3
4
631.0 632.0 633.0 634.0
2
635.5 636.6
3
637.1 638.2 639.3
4
641.0 642.0 643.0 644.0
2
645.5 646.6
3
647.1 648.2 649.3
4
651.0 652.0 653.0 654.0
2
655.5 656.6
3
657.1 658.2 659.3
4
661.0 662.0 663.0 664.0
2
665.5 666.6
3
667.1 668.2 669.3
4
671.0 672.0 673.0 674.0
2
675.5 676.6
3
677.1 678.2 679.3
4
681.0 682.0 683.0 684.0
2
685.5 686.6
3
687.1 688.2 689.3
4
691.0 692.0 693.0 694.0
2
695.5 696.6
3
697.1 698.2 699.3
4
701.0 702.0 703.0 704.0
2
705.5 706.6
3
707.1 708.2 709.3
4
711.0 712.0 713.0 714.0
2
715.5 716.6
3
717.1 718.2 719.3
4
721.0 722.0 723.0 724.0
2
725.5 726.6
3
727.1 728.2 729.3
4
731.0 732.0 733.0 734.0
2
735.5 736.6
3
737.1 738.2 739.3
4
741.0 742.0 743.0 744.0
2
745.5 746.6
3
747.1 748.2 749.3
4
751.0 752.0 753.0 754.0
2
755.5 756.6
3
757.1 758.2 759.3
4
761.0 762.0 763.0 764.0
2
765.5 766.6
3
767.1 768.2 769.3
4
771.0 772.0 773.0 774.0
2
775.5 776.6
3
777.1 778.2 779.3
4
781.0 782.0 783.0 784.0
2
785.5 786.6
3
787.1 788.2 789.3
4
791.0 792.0 793.0 794.0
2
795.5 796.6
3
797.1 798.2 799.3
4
801.0 802.0 803.0 804.0
2
805.5 806.6
3
807.1 808.2 809.3
4
811.0 812.0 813.0 814.0
2
815.5 816.6
3
817.1 818.2 819.3
4
821.0 822.0 823.0 824.0
2
825.5 826.6
3
827.1 828.2 829.3
4
831.0 832.0 833.0 834.0
2
835.5 836.6
3
837.1 838.2 839.3
4
841.0 842.0 843.0 844.0
2
845.5 846.6
3
847.1 848.2 849.3
4
851.0 852.0 853.0 854.0
2
855.5 856.6
3
857.1 858.2 859.3
4
861.0 862.0 863.0 864.0
2
865.5 866.6
3
867.1 868.2 869.3
4
871.0 872.0 873.0 874.0
2
875.5 876.6
3
877.1 878.2 879.3
4
881.0 882.0 883.0 884.0
2
885.5 886.6
3
887.1 888.2 889.3
4
891.0 892.0 893.0 894.0
2
895.5 896.6
3
897.1 898.2 899.3
4
901.0 902.0 903.0 904.0
2
905.5 906.6
3
907.1 908.2 909.3
4
911.0 912.0 913.0 914.0
2
915.5 916.6
3
917.1 918.2 919.3
4
921.0 922.0 923.0 924.0
2
925.5 926.6
3
927.1 928.2 929.3
4
931.0 932.0 933.0 934.0
2
935.5 936.6
3
937.1 938.2 939.3
4
941.0 942.0 943.0 944.0
2
945.5 946.6
3
947.1 948.2 949.3
4
951.0 952.0 953.0 954.0
2
955.5 956.6
3
957.1 958.2 959.3
4
961.0 962.0 963.0 964.0
2
965.5 966.6
3
967.1 968.2 969.3
4
971.0 972.0 973.0 974.0
2
975.5 976.6
3
977.1 978.2 979.3
4
981.0 982.0 983.0 984.0
2
985.5 986.6
3
987.1 988.2 989.3
4
991.0 992.0 993.0 994.0
2
995.5 996.6
3
997.1 998.2 999.3
